UniqueID	Strain	CBD=1	Lot Number	Extraction Run	Time (mins)	Col1/2	PSI	Temp (degC)	Program Used 0/1	Mass CO2 Used lbs	Extraction Efficiency THC	Extraction Efficiency CBD	Extraction Efficiency CBN	Input Mass (g)	Output Spent Mass (g)	% Mass Extracted	Spent % (as is) THC	Spent % (as is) CBD	Spent % (as is) CBN	Decarb % (as is) THC	Decarb % (as is) CBD	Decarb % (as is) CBN
95	MB	0	776	3	120	1	5000	65	1	68	0.9643	0.9745	0.9571	1618.0000	1373.0000	0.1514	0.1300	0.1970	0.0070	3.6420	7.7160	0.1630
96	HB	0	784	1	120	1	5000	65	1	72	0.8714	1.0000	0.8491	1673.0000	1374.0000	0.1787	2.0190	0.0000	0.0160	15.7020	0.0370	0.1060
97	HB	0	784	3	120	1	5000	65	1	72.5	0.9658	1.0000	1.0000	1821.5000	1470.5000	0.1927	0.5370	0.0000	0.0000	15.7020	0.0370	0.1060
99	HB	0	784	6	120	2	5000	65	1	63	0.9095	1.0000	1.0000	1590.5000	1292.0000	0.1877	1.4210	0.0000	0.0000	15.7020	0.0370	0.1060
101	TI	1	804	1	130	1	5000	65	1	63.5	0.9647	0.9787	0.0000	1631.0000	1335.5000	0.1812	0.0140	0.2360	0.0000	0.3970	11.0920	0.0000
102	TI	1	804	2	140	2	5000	65	1	81	0.9547	0.9828	0.0000	1691.0000	1376.5000	0.1860	0.0180	0.1910	0.0000	0.3970	11.0920	0.0000
103	TI	1	804	3	140	1	5000	65	1	72.5	0.9547	0.9788	0.0000	1699.5000	1376.5000	0.1901	0.0180	0.2350	0.0000	0.3970	11.0920	0.0000
105	TI	1	805	1	140	1	5000	65	1	68	0.8900	0.9394	0.0000	1580.0000	1323.0000	0.1627	0.0430	0.5300	0.0000	0.3910	8.7410	0.0000
106	TI	1	805	2	140	1	5000	65	1	51.5	0.9463	0.9628	0.0000	1676.0000	1370.0000	0.1826	0.0210	0.3250	0.0000	0.3910	8.7410	0.0000
108	TI	1	805	4	140	1	5000	65	1	66.5	0.9488	0.9657	0.0000	1321.5000	1036.5000	0.2157	0.0200	0.3000	0.0000	0.3910	8.7410	0.0000
109	TI	1	806	2	120	2	5000	65	1	59.5	0.9752	0.9804	1.0000	1610.5000	1337.0000	0.1698	0.0100	0.2270	0.0000	0.4040	11.6000	0.0100
110	TI	1	806	3	120	1	5000	65	1	71.5	0.9752	0.9796	1.0000	1630.0000	1334.5000	0.1813	0.0100	0.2370	0.0000	0.4040	11.6000	0.0100
111	TI	1	815	3	120	1	5000	65	1	70	0.9704	0.9787	1.0000	1402.0000	1155.0000	0.1762	0.0110	0.2380	0.0000	0.3710	11.1570	0.0070
112	TI	1	815	4	120	2	5000	65	1	51.5	0.8868	0.9718	1.0000	1122.5000	930.0000	0.1715	0.0420	0.3150	0.0000	0.3710	11.1570	0.0070
113	NL	0	466	1	120	1	5000	65	1	56	0.7878	1.0000	0.6192	1656.5000	1433.0000	0.1349	2.2230	0.0000	0.0910	10.4740	0.0033	0.2390
114	NL	0	466	2	120	1	5000	65	1	39.5	0.9601	1.0000	0.8996	1677.0000	1242.5000	0.2591	0.4180	0.0000	0.0240	10.4740	0.0033	0.2390
115	NL	0	466	3	120	2	5000	65	1	75.5	0.9842	1.0000	0.9874	1553.0000	1271.0000	0.1816	0.1660	0.0000	0.0030	10.4740	0.0033	0.2390
117	NL	0	466	4	60	1	5000	65	1	59.5	0.9941	1.0000	0.9833	1742.5000	1387.0000	0.2040	0.0620	0.0000	0.0040	10.4740	0.0033	0.2390
118	NL	0	467	1	165	1	5000	65	1	70.5	0.7630	1.0000	0.5233	1508.0000	1285.5000	0.1475	2.9080	0.0000	0.0920	12.2700	0.0490	0.1930
121	NL	0	467	3	140	1	5000	65	1	70.5	0.9752	1.0000	0.9378	1534.0000	1234.0000	0.1956	0.3040	0.0000	0.0120	12.2700	0.0490	0.1930
123	NL	0	467	5	125	1	5000	65	1	72.5	0.9779	1.0000	0.9378	1515.5000	1251.5000	0.1742	0.2710	0.0000	0.0120	12.2700	0.0490	0.1930
124	NL 	0	771	1	135	1	5000	65	1	70.5	0.9501	1.0000	0.8970	1461.5000	1209.5000	0.1724	0.5920	0.0000	0.0170	11.8640	0.0037	0.1650
125	NL	0	771	2	135	2	5000	65	1	74	0.9268	1.0000	0.8606	1459.5000	1180.0000	0.1915	0.8690	0.0000	0.0230	11.8640	0.0037	0.1650
126	NL	0	771	3	150	1	5000	65	1	74.5	0.9463	1.0000	0.8667	1508.5000	1269.5000	0.1584	0.6370	0.0000	0.0220	11.8640	0.0037	0.1650
127	NL	0	771	4	125	2	5000	65	1	81.5	0.9685	1.0000	0.9394	1510.5000	1239.0000	0.1797	0.3740	0.0000	0.0100	11.8640	0.0037	0.1650
128	NL	0	771	5	135	1	5000	65	1	76	0.9700	1.0000	0.9394	561.5000	368.5000	0.3437	0.3560	0.0000	0.0100	11.8640	0.0037	0.1650
129	NL	0	772	1	125	1	5000	65	1	75	0.9559	1.0000	0.8623	1510.0000	1284.5000	0.1493	0.5450	0.0000	0.0303	12.3510	0.0050	0.2200
130	NL	0	772	2	265	2	5000	65	1	75	0.8562	1.0000	1.0000	1507.0000	1270.0000	0.1573	1.7760	0.0000	0.0000	12.3510	0.0050	0.2200
131	NL	0	772	3	135	1	5000	65	1	94.5	0.9766	1.0000	0.9409	1508.0000	1243.5000	0.1754	0.2890	0.0000	0.0130	12.3510	0.0050	0.2200
132	NL	0	772	4	239	2	5000	65	1	75	0.8491	1.0000	0.8182	1513.0000	1286.5000	0.1497	1.8640	0.0000	0.0400	12.3510	0.0050	0.2200
133	NL	0	772	5	135	1	5000	65	1	76.5	0.9769	1.0000	0.9727	1398.5000	1131.5000	0.1909	0.2850	0.0000	0.0060	12.3510	0.0050	0.2200
134	NL	0	772	6	145	2	5000	65	1	68.5	0.9063	1.0000	0.9091	1328.5000	1111.5000	0.1633	1.1570	0.0000	0.0200	12.3510	0.0050	0.2200
135	NL	0	773	1	220	1	5000	65	1	70	0.8361	1.0000	-14.4783	1390.5000	1152.5000	0.1712	1.9003	0.0000	0.0356	11.5960	0.0030	0.0023
136	NL	0	773	2	120	2	5000	65	1	70	0.8189	1.0000	-14.5217	1501.0000	1279.0000	0.1479	2.1005	0.0000	0.0357	11.5960	0.0030	0.0023
139	SB	0	476	1	150	1	5000	65	1	75.5	0.8655	0.0000	0.7470	1362.0000	1100.0000	0.1924	1.7916	0.0043	0.0711	13.3210	0.0000	0.2810
140	SB	0	476	2	150	2	5000	65	1	85.5	0.9098	0.0000	0.7993	1476.0000	1198.0000	0.1883	1.2017	0.0035	0.0564	13.3210	0.0000	0.2810
141	SB	0	476	3	195	1	5000	65	1	78.5	0.9534	0.0000	0.8890	1363.5000	1103.5000	0.1907	0.6206	0.0000	0.0312	13.3210	0.0000	0.2810
142	SB	0	476	4	180	2	5000	65	1	83	0.8835	0.0000	0.7552	1579.5000	1281.0000	0.1890	1.5519	0.0000	0.0688	13.3210	0.0000	0.2810
143	SB	0	476	5	165	1	5000	65	1	67	0.8744	0.0000	0.7324	1455.5000	1219.0000	0.1625	1.6727	0.0039	0.0752	13.3210	0.0000	0.2810
144	SB	0	476	6	121	2	5000	65	1	65	0.8605	0.0000	0.7302	1345.5000	1126.0000	0.1631	1.8589	0.0039	0.0758	13.3210	0.0000	0.2810
145	TI	1	857	3	120	1	5000	65	1	66.5	0.9885	0.9747	1.0000	1330.5000	1101.0000	0.1725	0.0059	0.2697	0.0000	0.5150	10.6420	0.0130
146	TI	1	857	4	180	2	5000	65	1	55.5	1.0000	0.9839	1.0000	1512.0000	1244.0000	0.1772	0.0000	0.1715	0.0000	0.5150	10.6420	0.0130
148	TI	1	857(2)	1	105	1	5000	65	1	65	0.9709	0.9702	1.0000	1583.5000	1325.0000	0.1632	0.0150	0.3168	0.0000	0.5150	10.6420	0.0130
149	TI	1	857(2)	2	120	2	5000	65	1	55	0.9860	0.9821	1.0000	1618.0000	1360.0000	0.1595	0.0072	0.1910	0.0000	0.5150	10.6420	0.0130
150	TI	1	857(2)	3	120	1	5000	65	1	56	0.9674	0.9788	1.0000	1562.5000	1321.5000	0.1542	0.0168	0.2260	0.0000	0.5150	10.6420	0.0130
151	TI	1	858	1	130	1	5000	65	1	79.5	0.0000	0.9562	1.0000	1502.0000	1239.0000	0.1751	0.0291	0.4837	0.0000	0.0000	11.0480	0.0140
152	TI	1	858	2	105	2	5000	65	1	60	0.0000	0.9577	1.0000	1505.0000	1270.5000	0.1558	0.0321	0.4672	0.0000	0.0000	11.0480	0.0140
153	TI	1	858	3	105	1	5000	65	1	60.5	0.0000	0.9695	1.0000	1516.5000	1291.5000	0.1484	0.0183	0.3365	0.0000	0.0000	11.0480	0.0140
154	TI	1	858	4	140	2	5000	65	1	57.5	0.0000	0.9522	1.0000	1503.5000	1245.5000	0.1716	0.0321	0.5285	0.0000	0.0000	11.0480	0.0140
155	TI	1	858	5	110	1	5000	65	1	57.5	0.0000	0.9546	1.0000	1503.0000	1275.0000	0.1517	0.0358	0.5016	0.0000	0.0000	11.0480	0.0140
156	TI	1	858	6	140	2	5000	65	1	40.5	0.0000	0.9644	1.0000	564.0000	479.0000	0.1507	0.0259	0.3930	0.0000	0.0000	11.0480	0.0140
157	TI	1	860	1	110	1	5000	65	1	57	0.8512	0.9391	0.0000	1624.5000	1349.0000	0.1696	0.0750	0.6784	0.0000	0.5040	11.1310	0.0000
158	TI	1	860	4	110	2	5000	65	1	50	0.8788	0.9363	0.0000	1535.0000	1293.0000	0.1577	0.0611	0.7092	0.0000	0.5040	11.1310	0.0000
160	SB	0	543	1	180	1	5000	65	1	81	0.8306	1.0000	-0.0028	1562.0000	1307.0000	0.1633	2.3100	0.0000	0.1424	13.6400	0.0370	0.1420
161	SB	0	543	4	150	2	5000	65	1	70	0.8586	1.0000	0.1838	1494.0000	1281.5000	0.1422	1.9290	0.0000	0.1159	13.6400	0.0370	0.1420
163	SB	0	543	6	105	1	5000	65	1	65	0.8287	1.0000	-0.0577	950.0000	826.0000	0.1305	2.3370	0.0000	0.1502	13.6400	0.0370	0.1420
164	N2	1	473	1	90	1	5000	65	1	52	0.9677	0.8889	0.4462	1662.0000	1367.0000	0.1775	0.0122	1.2766	0.0144	0.3780	11.4860	0.0260
165	N2	1	473	2	120	2	5000	65	1	52	0.8571	0.9295	0.4615	1662.0000	1351.5000	0.1868	0.0540	0.8100	0.0140	0.3780	11.4860	0.0260
168	BW	1	891	1	150	1	5000	65	1	105.5	0.8640	0.9387	0.7741	1780.0000	1355.5000	0.2385	0.9067	0.6560	0.0061	6.6660	10.7100	0.0270
169	BW	1	891	3	130	1	5000	65	1	69	0.8355	0.9366	0.7370	1680.0000	1304.0000	0.2238	1.0966	0.6786	0.0071	6.6660	10.7100	0.0270
170	BW	1	891	4	130	1	5000	65	1	60	0.7564	0.8917	0.5852	1839.0000	1456.0000	0.2083	1.6236	1.1599	0.0112	6.6660	10.7100	0.0270
171	BW	1	891	6	110	1	5000	65	1	55	0.7239	0.8666	1.0000	1684.0000	1351.5000	0.1974	1.8408	1.4285	0.0000	6.6660	10.7100	0.0270
173	BW	1	891	8	110	1	5000	65	1	55	0.8400	0.9369	0.7333	1665.0000	1289.5000	0.2255	1.0664	0.6762	0.0072	6.6660	10.7100	0.0270
174	SK 	0	897	1	130	2	5000	65	1	65	0.8916	1.0000	0.8347	1640.5000	1324.0000	0.1929	1.3556	0.0000	0.0195	12.5040	0.0035	0.1180
175	SK 	0	897	2	130	1	5000	65	1	75	0.8922	1.0000	0.8347	1630.5000	1323.0000	0.1886	1.3484	0.0000	0.0195	12.5040	0.0035	0.1180
177	N2	1	472	1	130	1	5000	65	1	56.5	0.8707	0.9327	0.6258	1597.0000	1325.5000	0.1700	0.0476	0.6172	0.0116	0.3680	9.1720	0.0310
178	N2	1	472	2	140	2	5000	65	1	50	0.8457	0.9300	0.5355	1596.0000	1335.0000	0.1635	0.0568	0.6416	0.0144	0.3680	9.1720	0.0310
179	N2	1	472	3	150	2	5000	65	1	55	0.8313	0.9100	0.4968	1665.0000	1409.5000	0.1535	0.0621	0.8254	0.0156	0.3680	9.1720	0.0310
180	N2 	1	472	4	120	2	5000	65	1	55	0.8902	0.9451	0.5935	1641.5000	1378.0000	0.1605	0.0404	0.5039	0.0126	0.3680	9.1720	0.0310
181	N2	1	472	5	150	1	5000	65	1	60	0.7918	0.8901	0.4935	1521.5000	1317.0000	0.1344	0.0766	1.0082	0.0157	0.3680	9.1720	0.0310
182	BW	1	900	1	110	1	5000	65	1	75	0.8514	0.9435	-1.2308	1761.0000	1372.5000	0.2206	0.9704	0.6055	0.0087	6.5290	10.7080	0.0039
183	BW	1	900	7	250	1	5000	65	1	83	0.9242	0.9637	0.1026	1777.0000	1394.5000	0.2153	0.4950	0.3887	0.0035	6.5290	10.7080	0.0039
184	HB	0	854	1	185	1	4300	65	1	75	0.7932	0.7833	0.7276	1501.5000	1335.0000	0.1109	2.1458	0.0078	0.1114	10.3760	0.0360	0.4090
185	HB	0	854	4	210	2	4300	65	1	83.5	0.8006	1.0000	0.7259	1503.5000	1308.0000	0.1300	2.0686	0.0000	0.1121	10.3760	0.0360	0.4090
187	HB	0	854	7	180	1	5000	65	1	90	0.9165	1.0000	0.8753	1387.0000	1157.0000	0.1658	0.8664	0.0000	0.0510	10.3760	0.0360	0.4090
189	BW	1	911	1	130	1	5000	65	1	65	0.9392	0.9768	1.0000	1540.0000	1221.5000	0.2068	0.3749	0.2264	0.0000	6.1650	9.7710	0.0320
190	BW	1	911	4	105	1	5000	65	1	60	0.9714	0.9865	1.0000	1481.5000	1170.0000	0.2103	0.1766	0.1323	0.0000	6.1650	9.7710	0.0320
191	BW	1	911	5	130	2	5000	65	1	59	0.9616	0.9796	1.0000	1331.0000	1048.0000	0.2126	0.2367	0.1996	0.0000	6.1650	9.7710	0.0320
192	BW	1	911	6	120	1	5000	65	1	55	0.9187	0.9643	1.0000	1518.0000	1189.0000	0.2167	0.5014	0.3486	0.0000	6.1650	9.7710	0.0320
193	BW	1	911	9	95	1	5000	65	1	55	0.9569	0.9758	0.6563	1638.0000	1302.0000	0.2051	0.2655	0.2366	0.0110	6.1650	9.7710	0.0320
194	BW	1	911	10	100	2	5000	65	1	55	0.9558	0.9763	0.8938	1622.0000	1285.5000	0.2075	0.2724	0.2317	0.0034	6.1650	9.7710	0.0320
195	BW	1	911	11	100	1	5000	65	1	50.5	0.9746	0.9821	1.0000	1222.5000	950.5000	0.2225	0.1566	0.1746	0.0000	6.1650	9.7710	0.0320
196	BW	1	920	1	90	1	5000	65	1	55	0.9515	0.9735	0.7862	1487.0000	1171.5000	0.2122	0.2668	0.2468	0.0062	5.4970	9.3240	0.0290
197	BW	1	920	2	125	2	5000	65	1	55	0.9795	0.9855	0.7897	1473.0000	1133.5000	0.2305	0.1125	0.1353	0.0061	5.4970	9.3240	0.0290
198	BW	1	920	3	230	1	5000	65	1	55	0.9761	0.9912	0.7862	1549.5000	1180.0000	0.2385	0.1316	0.0825	0.0062	5.4970	9.3240	0.0290
199	BW	1	920	4	90	2	5000	65	1	55	0.9676	0.9816	0.8069	1567.5000	1232.0000	0.2140	0.1780	0.1720	0.0056	5.4970	9.3240	0.0290
200	BW	1	920	5	100	1	5000	65	1	55	0.9368	0.9683	0.8724	1474.0000	1152.0000	0.2185	0.3475	0.2960	0.0037	5.4970	9.3240	0.0290
201	BW	1	920	6	120	2	5000	65	1	55	0.9846	0.9889	0.7621	1570.5000	1209.5000	0.2299	0.0845	0.1036	0.0069	5.4970	9.3240	0.0290
202	BW	1	920	7	140	1	5000	65	1	55	0.9891	0.9932	0.8034	1558.5000	1199.5000	0.2303	0.0597	0.0636	0.0057	5.4970	9.3240	0.0290
203	SK 	0	899	1	140	1	5000	65	1	80.5	0.9813	1.0000	0.9538	1557.5000	1371.0000	0.1197	0.1809	0.0000	0.0043	9.6578	0.0230	0.0930
204	SK 	0	899	2	140	2	5000	65	1	72	0.9833	1.0000	0.9419	1554.5000	1317.5000	0.1525	0.1615	0.0000	0.0054	9.6578	0.0230	0.0930
205	SK 	0	899	3	160	1	5000	65	1	65	0.9863	1.0000	0.9333	1555.0000	1321.0000	0.1505	0.1324	0.0000	0.0062	9.6578	0.0230	0.0930
206	SK 	0	899	5	140	1	5000	65	1	88	0.9653	1.0000	0.9505	1572.0000	1359.0000	0.1355	0.3351	0.0000	0.0046	9.6578	0.0230	0.0930
207	SK 	0	899	6	140	2	5000	65	1	81	0.9864	1.0000	0.9548	1348.5000	1149.0000	0.1479	0.1314	0.0000	0.0042	9.6578	0.0230	0.0930
208	NL	0	903	1	145	1	5000	65	1	82	0.9788	1.0000	0.9466	1358.6000	1155.0000	0.1499	0.1993	0.0000	0.0135	9.4210	0.0250	0.2530
209	NL	0	903	2	180	2	5000	65	1	69	0.9920	1.0000	0.9688	1338.0000	1146.0000	0.1435	0.0750	0.0000	0.0079	9.4210	0.0250	0.2530
210	NL	0	903	5	110	1	5000	65	1	65	0.9907	1.0000	0.9783	1278.0000	1104.0000	0.1362	0.0874	0.0000	0.0055	9.4210	0.0250	0.2530
211	NL	0	903	6	110	2	5000	65	1	63.5	0.9829	0.8800	0.9557	1168.0000	1003.5000	0.1408	0.1609	0.0030	0.0112	9.4210	0.0250	0.2530
212	NL	0	903	7	110	1	5000	65	1	60	0.9934	1.0000	0.9850	1155.5000	992.0000	0.1415	0.0623	0.0000	0.0038	9.4210	0.0250	0.2530
213	HB	0	931	1	120	1	5000	65	0	55.5	0.9652	1.0000	0.6409	1600.5000	1380.5000	0.1375	0.2933	0.0000	0.0079	8.4190	0.0850	0.0220
214	HB	0	931	2	110	2	5000	65	0	57	0.9548	1.0000	1.0000	1516.0000	1299.0000	0.1431	0.3809	0.0000	0.0000	8.4190	0.0850	0.0220
214	HB	0	931	3	110	1	5000	65	1	54.5	0.9516	1.0000	0.5773	1414.0000	1257.5000	0.1107	0.4074	0.0000	0.0093	8.4190	0.0850	0.0220
215	HB	0	931	4	105	2	5000	65	1	57	0.9652	1.0000	0.6409	1518.5000	1320.0000	0.1307	0.2933	0.0000	0.0079	8.4190	0.0850	0.0220
216	HB	0	931	5	115	1	5000	65	1	57	0.9716	1.0000	0.7000	1582.5000	1367.0000	0.1362	0.2391	0.0000	0.0066	8.4190	0.0850	0.0220
217	HB	0	931	6	130	2	5000	65	1	57	0.9616	1.0000	0.6045	1574.0000	1370.5000	0.1293	0.3233	0.0000	0.0087	8.4190	0.0850	0.0220
218	SB	0	545	1	150	1	5000	65	1	70	0.9220	1.0000	0.4036	1452.5000	1268.0000	0.1270	0.9015	0.0000	0.0835	11.5600	0.0100	0.1400
220	SB	0	545	4	160	2	5000	65	1	80	0.8522	1.0000	-0.1400	1593.0000	1284.0000	0.1940	1.7081	0.0000	0.1596	11.5600	0.0100	0.1400
221	NN	1	981	1	90	1	5000	65	1	52.5	0.9588	0.9734	1.0000	1765.0000	1544.0000	0.1252	0.0145	0.1938	0.0000	0.3520	7.2870	0.0100
222	NN	1	981	2	100	2	5000	65	1	57.5	0.9523	0.9670	1.0000	1717.5000	1601.5000	0.0675	0.0168	0.2406	0.0000	0.3520	7.2870	0.0100
223	NN	1	981	3	95	1	5000	65	2	54	0.9926	0.9885	1.0000	1655.0000	1473.5000	0.1097	0.0026	0.0840	0.0000	0.3520	7.2870	0.0100
224	NN	1	981	4	100	2	5000	65	1	55.5	0.9926	0.9775	1.0000	1652.5000	1490.5000	0.0980	0.0026	0.1640	0.0000	0.3520	7.2870	0.0100
225	NN	1	981	5	130	1	5000	65	1	53.5	0.9727	0.9871	1.0000	1736.0000	1557.0000	0.1031	0.0096	0.0939	0.0000	0.3520	7.2870	0.0100
226	NN	1	981	6	90	1	5000	65	1	50	0.9713	0.9778	1.0000	1425.5000	1277.5000	0.1038	0.0101	0.1620	0.0000	0.3520	7.2870	0.0100
226	NN	1	981	7	90	2	5000	65	1	50	0.9190	0.9436	1.0000	1374.5000	1233.5000	0.1026	0.0285	0.4109	0.0000	0.3520	7.2870	0.0100
227	NN	1	982	1	100	1	5000	65	1	58.5	0.9697	0.9777	1.0000	1545.0000	1388.5000	0.1013	0.0091	0.1413	0.0000	0.3000	6.3390	0.0012
228	NN	1	982	2	85	1	5000	65	1	50	0.9893	0.9862	1.0000	1711.5000	1473.5000	0.1391	0.0032	0.0873	0.0000	0.3000	6.3390	0.0012
230	NN	1	982	4	90	1	5000	65	1	50	0.9460	0.9686	1.0000	1860.0000	1629.5000	0.1239	0.0162	0.1988	0.0000	0.3000	6.3390	0.0012
231	NN	1	982	5	85	1	5000	65	1	50	0.9167	0.9508	-1.9167	1722.5000	1553.0000	0.0984	0.0250	0.3119	0.0035	0.3000	6.3390	0.0012
232	NN	1	982	6	110	2	5000	65	1	53.5	0.9457	0.9644	-1.4167	1726.5000	1583.5000	0.0828	0.0163	0.2258	0.0029	0.3000	6.3390	0.0012
233	NN	1	982	7	90	1	5000	65	1	51.5	0.8770	0.9328	-2.5000	1720.0000	1570.5000	0.0869	0.0369	0.4258	0.0042	0.3000	6.3390	0.0012
234	NN	1	982	8	100	2	5000	65	1	50	0.9737	0.9784	1.0000	1629.5000	1473.5000	0.0957	0.0079	0.1372	0.0000	0.3000	6.3390	0.0012
235	NN	1	982	9	90	1	5000	65	1	50.5	0.9563	0.9726	1.0000	1618.0000	1461.5000	0.0967	0.0131	0.1738	0.0000	0.3000	6.3390	0.0012
236	TI	1	984	1	100	1	5000	65	1	61	0.9406	0.9679	1.0000	1600.5000	1292.5000	0.1924	0.0300	0.4329	0.0000	0.5052	13.5030	0.0098
234	TI	1	984	2	84	2	5000	65	1	50.5	0.9658	0.9768	1.0000	1489.0000	1215.0000	0.1840	0.0173	0.3136	0.0000	0.5052	13.5030	0.0098
235	TI	1	984	3	100	1	5000	45	1	50.5	0.8165	0.9166	1.0000	1518.0000	1264.5000	0.1670	0.0927	1.1260	0.0000	0.5052	13.5030	0.0098
236	TI	1	984	4	117	2	5000	45	1	59.5	0.9515	0.9819	1.0000	1576.5000	1266.5000	0.1966	0.0245	0.2439	0.0000	0.5052	13.5030	0.0098
237	TI	1	984	5	130	1	5000	65	1	59	0.9276	0.9661	1.0000	1381.0000	1114.5000	0.1930	0.0366	0.4579	0.0000	0.5052	13.5030	0.0098
238	TI	1	984	6	121	1	5000	65	1	51.5	0.8858	0.9483	1.0000	1517.0000	1230.5000	0.1889	0.0577	0.6987	0.0000	0.5052	13.5030	0.0098
239	TI	1	984	7	114	2	5000	85	1	49.5	0.9101	0.9598	1.0000	1681.0000	1351.0000	0.1963	0.0454	0.5427	0.0000	0.5052	13.5030	0.0098
240	TI	1	994	1	100	1	5000	65	1	55	0.9781	0.9866	1.0000	1618.0000	1309.0000	0.1910	0.0104	0.1653	0.0000	0.4752	12.3758	0.0113
241	TI	1	994	2	120	2	5000	65	1	70.5	0.9710	0.9774	1.0000	1605.0000	1293.0000	0.1944	0.0138	0.2796	0.0000	0.4752	12.3758	0.0113
242	TI	1	994	3	110	1	5000	65	1	55	0.9888	0.9898	1.0000	1725.5000	1382.0000	0.1991	0.0053	0.1267	0.0000	0.4752	12.3758	0.0113
243	TI	1	994	4	125	2	5000	65	1	58.5	0.9638	0.9818	1.0000	1610.5000	1301.0000	0.1922	0.0172	0.2252	0.0000	0.4752	12.3758	0.0113
244	TI	1	994	5	110	1	5000	65	1	50	0.8887	0.9654	1.0000	1588.0000	1277.5000	0.1955	0.0529	0.4285	0.0000	0.4752	12.3758	0.0113
245	TI	1	994	7	120	1	5000	65	1	55	0.9266	0.9610	1.0000	1602.0000	1267.0000	0.2091	0.0349	0.4821	0.0000	0.4752	12.3758	0.0113
246	TI	1	994	6	120	2	5000	65	1	63.5	0.7919	0.8759	1.0000	1535.0000	1264.5000	0.1762	0.0989	1.5354	0.0000	0.4752	12.3758	0.0113
247	NN	1	983	1	125	1	5000	65	1	50	0.9266	0.9590	0.7067	1554.0000	1438.0000	0.0746	0.0224	0.2727	0.0044	0.3050	6.6460	0.0150
248	NN	1	983	2	140	2	5000	65	1	58	0.9259	0.9478	1.0000	1571.5000	1443.0000	0.0818	0.0226	0.3469	0.0000	0.3050	6.6460	0.0150
249	NN	1	983	3	115	1	5000	65	1	50	0.9826	0.9815	1.0000	1593.0000	1449.0000	0.0904	0.0053	0.1229	0.0000	0.3050	6.6460	0.0150
250	NN	1	983	4	90	2	5000	65	1	50	0.8931	0.9356	0.6067	1664.0000	1507.5000	0.0941	0.0326	0.4282	0.0059	0.3050	6.6460	0.0150
251	NN	1	983	5	90	1	5000	65	1	59	0.9672	0.9676	1.0000	1681.5000	1531.5000	0.0892	0.0100	0.2151	0.0000	0.3050	6.6460	0.0150
252	NN	1	983	6	110	2	5000	65	1	59	0.8295	0.8831	0.1200	1577.0000	1439.0000	0.0875	0.0520	0.7770	0.0132	0.3050	6.6460	0.0150
253	NN	1	983	7	90	1	5000	65	1	51.5	1.0000	0.9893	1.0000	1599.0000	1438.0000	0.1007	0.0000	0.0708	0.0000	0.3050	6.6460	0.0150
254	NN	1	983	8	115	2	5000	65	1	50.5	0.9889	0.9848	1.0000	1529.5000	1399.0000	0.0853	0.0034	0.1008	0.0000	0.3050	6.6460	0.0150
255	NN	1	983	9	100	1	5000	65	1	50	0.9630	0.9726	1.0000	1488.0000	1366.0000	0.0820	0.0113	0.1824	0.0000	0.3050	6.6460	0.0150
256	NN	1	983	10	110	2	5000	65	1	53.5	0.9849	0.9829	1.0000	1351.0000	1265.0000	0.0637	0.0046	0.1137	0.0000	0.3050	6.6460	0.0150
257	N2	1	1007	1	110	1	5000	65	1	50	1.0000	0.9791	1.0000	1687.5000	1391.0000	0.1757	0.0000	0.2502	0.0000	0.5765	11.9855	0.0077
258	N2	1	1007	2	100	2	5000	65	1	50.5	1.0000	0.8636	1.0000	1603.0000	1345.5000	0.1606	0.0000	1.6346	0.0000	0.5765	11.9855	0.0077
259	N2	1	1007	3	130	1	5000	65	1	50	0.9960	0.9897	1.0000	1669.0000	1366.5000	0.1812	0.0023	0.1240	0.0000	0.5765	11.9855	0.0077
260	N2	1	1007	4	130	2	5000	65	1	62	0.9818	0.9883	1.0000	1665.0000	1344.5000	0.1925	0.0105	0.1404	0.0000	0.5765	11.9855	0.0077
261	N2	1	1007	5	120	1	5000	65	1	50	0.9955	0.9908	-0.2468	1682.0000	1411.0000	0.1611	0.0026	0.1100	0.0096	0.5765	11.9855	0.0077
262	N2	1	1007	6	120	2	5000	65	1	50	0.9605	0.9713	1.0000	1575.0000	1327.0000	0.1575	0.0228	0.3439	0.0000	0.5765	11.9855	0.0077
263	N2	1	1008	1	120	1	5000	65	1	54	0.8234	0.9151	0.0000	1737.0000	1405.0000	0.1911	0.1010	1.2834	0.0031	0.5720	15.1230	0.0000
266	N2	1	1008	4	150	2	5000	65	1	58.5	0.8110	0.9041	0.0000	1745.5000	1432.0000	0.1796	0.1081	1.4498	0.0075	0.5720	15.1230	0.0000
267	N2	1	1008	5	160	1	5000	65	1	67	0.7914	0.9156	0.0000	1752.0000	1416.0000	0.1918	0.1193	1.2760	0.0000	0.5720	15.1230	0.0000
270	CBD	1	1020	1	130	1	5000	65	1	75	0.9071	0.9589	1.0000	1714.5000	1503.0000	0.1234	0.0560	0.4824	0.0000	0.6030	11.7320	0.0021
271	CBD	1	1020	3	140	1	5000	65	1	70	0.9133	0.9697	-0.5238	1715.0000	1510.5000	0.1192	0.0523	0.3558	0.0032	0.6030	11.7320	0.0021
272	CBD	1	1020	4	140	2	5000	65	1	70	0.8537	0.9239	-0.8095	1775.0000	1462.5000	0.1761	0.0882	0.8923	0.0038	0.6030	11.7320	0.0021
273	CBD	1	1020	5	140	1	5000	65	1	70	0.8828	0.9540	-1.2857	1715.5000	1441.5000	0.1597	0.0707	0.5395	0.0048	0.6030	11.7320	0.0021
274	CBD	1	1021	3	150	1	5000	65	1	75	0.9825	0.9874	1.0000	1633.5000	1369.5000	0.1616	0.0198	0.1512	0.0000	1.1340	11.9650	0.0270
275	CBD	1	1021	4	150	2	5000	65	1	70.5	0.9790	0.9851	1.0000	1646.5000	1319.0000	0.1989	0.0238	0.1782	0.0000	1.1340	11.9650	0.0270
276	CBD	1	1021	7	150	1	5000	65	1	66	0.9427	0.9692	1.0000	1512.0000	1189.5000	0.2133	0.0650	0.3690	0.0000	1.1340	11.9650	0.0270
277	CBD	1	1021	8	150	2	5000	65	1	52	0.9780	0.9803	1.0000	1259.5000	1030.0000	0.1822	0.0250	0.2360	0.0000	1.1340	11.9650	0.0270
278	CBD	1	1022	1	110	1	5000	65	1	60	0.8590	0.9720	0.7000	1525.0000	1267.0000	0.1692	0.0780	0.3380	0.0060	0.5530	12.0880	0.0200
279	CBD	1	1022	2	130	2	5000	65	1	55	0.9476	0.9729	1.0000	1621.5000	1337.0000	0.1755	0.0290	0.3270	0.0000	0.5530	12.0880	0.0200
278	CBD	1	1022	3	130	1	5000	65	1	50	0.8409	0.9185	1.0000	1543.5000	1304.0000	0.1552	0.0880	0.9850	0.0000	0.5530	12.0880	0.0200
279	CBD	1	1022	4	95	2	5000	65	1	45.5	0.9005	0.9330	1.0000	1617.0000	1354.0000	0.1626	0.0550	0.8100	0.0000	0.5530	12.0880	0.0200
280	CBD	1	1022	5	120	1	5000	65	1	40	0.8698	0.9520	1.0000	1686.0000	1425.0000	0.1548	0.0720	0.5800	0.0000	0.5530	12.0880	0.0200
281	CBD	1	1022	6	90	2	5000	65	1	40	0.8843	0.9438	1.0000	1435.0000	1195.0000	0.1672	0.0640	0.6790	0.0000	0.5530	12.0880	0.0200
282	CBD	1	1022	7	90	1	5000	65	1	40	0.8137	0.9090	1.0000	1417.0000	1226.0000	0.1348	0.1030	1.1000	0.0000	0.5530	12.0880	0.0200
283	CBD	1	1022	8	120	2	5000	65	1	40	0.7089	0.8440	0.7000	1347.0000	1158.5000	0.1399	0.1610	1.8860	0.0060	0.5530	12.0880	0.0200
284	BW	1	1032	1	85	1	5000	65	1	45	0.7321	0.8887	1.0000	1502.0000	1214.0000	0.1917	1.6297	1.1243	0.0000	6.0830	10.0980	0.0770
285	BW	1	1032	2	100	2	5000	65	1	51.5	0.8890	0.9520	0.8558	1527.0000	1224.0000	0.1984	0.6750	0.4851	0.0111	6.0830	10.0980	0.0770
286	BW	1	1032	3	100	2	5000	65	1	59	0.7905	0.9175	0.7338	1503.5000	1167.5000	0.2235	1.2744	0.8326	0.0205	6.0830	10.0980	0.0770
287	BW	1	1032	4	110	1	5000	65	1	55	0.8628	0.9341	0.8052	1545.0000	1242.0000	0.1961	0.8348	0.6656	0.0150	6.0830	10.0980	0.0770
288	BW	1	1032	5	130	2	5000	65	1	55	0.5561	0.8043	0.4636	1508.5000	1206.5000	0.2002	2.7005	1.9762	0.0413	6.0830	10.0980	0.0770
289	BW	1	1032	6	130	1	5000	65	1	60.5	0.9489	0.9754	0.9117	1524.0000	1159.0000	0.2395	0.3108	0.2484	0.0068	6.0830	10.0980	0.0770
290	BW	1	1032	7	130	2	5000	65	1	60	0.8742	0.9497	0.7675	1503.0000	1167.0000	0.2236	0.7655	0.5083	0.0179	6.0830	10.0980	0.0770
291	BW	1	1032	8	120	1	5000	65	1	60	0.9364	0.9666	0.8831	1512.5000	1168.0000	0.2278	0.3867	0.3371	0.0090	6.0830	10.0980	0.0770
292	BW	1	1032	9	130	2	5000	65	1	60	0.7668	0.8694	0.7481	1570.5000	1238.0000	0.2117	1.4186	1.3187	0.0194	6.0830	10.0980	0.0770
293	BW	1	1032	10	130	1	5000	65	1	60	0.9809	0.9889	1.0000	1503.0000	1173.0000	0.2196	0.1160	0.1120	0.0000	6.0830	10.0980	0.0770
294	BW	1	1032	11	100	2	5000	65	1	45.5	0.9102	0.9611	1.0000	1090.0000	856.0000	0.2147	0.5460	0.3930	0.0000	6.0830	10.0980	0.0770
295	SK 	0	1028	1	145	1	5000	65	1	70.5	0.9576	1.0000	0.9029	1500.5000	1160.0000	0.2269	0.6186	0.0000	0.0132	14.5910	0.2290	0.1360
297	SK 	0	1028	3	155	1	5000	65	1	75	0.9897	1.0000	0.9500	1640.0000	1372.0000	0.1634	0.1496	0.0000	0.0068	14.5910	0.2290	0.1360
298	SK 	0	1028	4	140	2	5000	65	1	65.5	0.8711	1.0000	0.4816	1526.0000	1269.5000	0.1681	1.8810	0.0000	0.0705	14.5910	0.2290	0.1360
299	SK 	0	1028	5	150	1	5000	65	1	70	0.9625	1.0000	1.0000	1400.5000	1152.5000	0.1771	0.5472	0.0000	0.0000	14.5910	0.2290	0.1360
300	SK 	0	1028	6	150	2	5000	65	1	70	0.9146	1.0000	0.7132	1457.5000	1177.5000	0.1921	1.2454	0.0000	0.0390	14.5910	0.2290	0.1360
301	SK 	0	1028	7	145	1	5000	65	1	70	0.9400	1.0000	0.8676	1409.5000	1215.5000	0.1376	0.8758	0.0000	0.0180	14.5910	0.2290	0.1360
302	SK 	0	1028	8	145	2	5000	65	1	70	0.9532	1.0000	0.8596	1424.0000	1247.0000	0.1243	0.6826	0.0000	0.0191	14.5910	0.2290	0.1360
303	SK 	0	1028	9	150	1	5000	65	1	70	0.9941	1.0000	0.7647	1466.0000	1206.0000	0.1774	0.0860	0.0000	0.0320	14.5910	0.2290	0.1360
304	SK 	0	1028	10	150	2	5000	65	1	70	0.9972	1.0000	0.5368	1313.0000	1096.0000	0.1653	0.0410	0.0000	0.0630	14.5910	0.2290	0.1360
309	SK 	0	1029	4	160	2	5000	65	1	80	0.9771	1.0000	0.9371	1452.0000	1131.0000	0.2211	0.3510	0.0000	0.0100	15.3030	0.0350	0.1590
310	SK 	0	1029	5	160	1	5000	65	1	80	0.9170	1.0000	0.8302	1492.0000	1202.0000	0.1944	1.2700	0.0000	0.0270	15.3030	0.0350	0.1590
311	SK 	0	1029	6	160	2	5000	65	1	80	0.9516	1.0000	0.8679	1428.5000	1166.5000	0.1834	0.7410	0.0000	0.0210	15.3030	0.0350	0.1590
312	SK 	0	1029	7	160	1	5000	65	1	80	0.9703	1.0000	0.9182	1328.5000	1066.0000	0.1976	0.4550	0.0000	0.0130	15.3030	0.0350	0.1590
313	BW	1	1037	1	115	1	5000	65	1	60	0.9462	0.9836	1.0000	1608.5000	1258.5000	0.2176	0.3384	0.1755	0.0000	6.2940	10.7270	0.0650
314	BW	1	1037	2	110	2	5000	65	1	60	0.9666	0.9842	1.0000	1627.0000	1240.0000	0.2379	0.2101	0.1700	0.0000	6.2940	10.7270	0.0650
315	BW	1	1037	3	120	1	5000	65	1	61.5	0.9600	0.9803	1.0000	1581.5000	1223.5000	0.2264	0.2520	0.2109	0.0000	6.2940	10.7270	0.0650
316	BW	1	1037	4	125	2	5000	65	1	55.5	0.9340	0.9699	1.0000	1660.0000	1293.5000	0.2208	0.4156	0.3229	0.0000	6.2940	10.7270	0.0650
317	BW	1	1037	5	100	1	5000	65	1	55	0.9196	0.9631	1.0000	1528.0000	1196.0000	0.2173	0.5061	0.3954	0.0000	6.2940	10.7270	0.0650
318	BW	1	1037	6	95	2	5000	65	1	50	0.9481	0.9767	1.0000	1498.5000	1161.0000	0.2252	0.3269	0.2496	0.0000	6.2940	10.7270	0.0650
319	BW	1	1035	1	90	1	5000	65	1	50	0.8965	0.9568	0.6721	1624.0000	1327.0000	0.1829	0.6230	0.4390	0.0200	6.0180	10.1550	0.0610
320	BW	1	1035	2	130	2	5000	65	1	65.5	0.8252	0.9201	0.5246	1651.0000	1339.0000	0.1890	1.0520	0.8110	0.0290	6.0180	10.1550	0.0610
321	BW	1	1035	3	90	1	5000	65	1	50	0.9523	0.9771	0.8197	1607.5000	1253.5000	0.2202	0.2870	0.2330	0.0110	6.0180	10.1550	0.0610
322	BW	1	1035	4	90	2	5000	65	1	50	0.9497	0.9746	0.8197	1618.0000	1313.0000	0.1885	0.3030	0.2580	0.0110	6.0180	10.1550	0.0610
323	BW	1	1035	5	130	1	5000	65	1	66	0.8234	0.9163	0.5574	1608.0000	1310.0000	0.1853	1.0630	0.8500	0.0270	6.0180	10.1550	0.0610
324	BW	1	1035	6	95	2	5000	65	1	50.5	0.9337	0.9704	0.8197	1595.5000	1265.5000	0.2068	0.3990	0.3010	0.0110	6.0180	10.1550	0.0610
325	BW	1	1035	7	120	1	5000	65	1	55	0.9526	0.9813	1.0000	1590.0000	1221.0000	0.2321	0.2850	0.1900	0.0000	6.0180	10.1550	0.0610
326	BW	1	1035	8	100	2	5000	65	1	52	0.9355	0.9692	0.8033	1621.5000	1324.5000	0.1832	0.3880	0.3130	0.0120	6.0180	10.1550	0.0610
327	BW	1	1035	9	100	1	5000	65	1	50	0.8048	0.9192	0.3115	1662.0000	1329.5000	0.2001	1.1750	0.8210	0.0420	6.0180	10.1550	0.0610
328	BW	1	1035	10	120	2	5000	65	1	56.5	0.9907	0.9924	1.0000	1537.0000	1222.0000	0.2049	0.0560	0.0770	0.0000	6.0180	10.1550	0.0610
329	HB	0	1086	1	105	1	5000	65	1	65	0.9546	1.0000	0.8992	1538.0000	1297.0000	0.1567	0.4610	0.0000	0.0490	10.1589	0.0308	0.4862
330	HB	0	1086	2	110	2	5000	65	1	60	0.9544	1.0000	0.9095	1538.0000	1307.5000	0.1499	0.4630	0.0000	0.0440	10.1589	0.0308	0.4862
331	HB	0	1086	3	130	1	5000	65	1	60	0.9307	1.0000	0.8725	1530.5000	1311.0000	0.1434	0.7040	0.0000	0.0620	10.1589	0.0308	0.4862
332	HB	0	1086	4	105	2	5000	65	1	55	0.9214	1.0000	0.8540	1542.0000	1311.5000	0.1495	0.7980	0.0000	0.0710	10.1589	0.0308	0.4862
333	HB	0	1086	5	100	1	5000	65	1	56	0.9044	1.0000	0.8149	1542.0000	1303.5000	0.1547	0.9710	0.0000	0.0900	10.1589	0.0308	0.4862
334	HB	0	1086	6	100	2	5000	65	1	60.5	0.9051	1.0000	0.8190	1539.5000	1378.5000	0.1046	0.9640	0.0000	0.0880	10.1589	0.0308	0.4862
335	HB	0	1086	7	115	1	5000	65	1	81	0.9758	1.0000	0.9527	1539.5000	1280.0000	0.1686	0.2460	0.0000	0.0230	10.1589	0.0308	0.4862
336	HB	0	1086	8	125	2	5000	65	1	60	0.9758	1.0000	0.9445	1542.5000	1306.0000	0.1533	0.2460	0.0000	0.0270	10.1589	0.0308	0.4862
337	HB	0	1086	9	100	1	5000	65	1	60	0.8330	1.0000	0.7326	1473.5000	177.0000	0.8799	1.6970	0.0000	0.1300	10.1589	0.0308	0.4862
338	HB	0	1082	1	100	1	5000	65	1	55	0.9523	1.0000	1.0000	1447.0000	1240.0000	0.1431	0.4440	0.0000	0.0000	9.3120	0.0210	0.1440
339	HB	0	1082	2	110	2	5000	65	1	55.5	0.8875	1.0000	0.7153	1407.0000	1238.0000	0.1201	1.0480	0.0000	0.0410	9.3120	0.0210	0.1440
340	HB	0	1082	3	100	1	5000	65	1	58	0.9609	1.0000	1.0000	1400.0000	1215.5000	0.1318	0.3640	0.0000	0.0000	9.3120	0.0210	0.1440
341	HB	0	1082	4	100	2	5000	65	1	58	0.9637	1.0000	1.0000	1407.0000	1209.0000	0.1407	0.3380	0.0000	0.0000	9.3120	0.0210	0.1440
342	HB	0	1082	5	95	1	5000	65	1	55	0.9344	1.0000	1.0000	1456.5000	1258.0000	0.1363	0.6110	0.0000	0.0000	9.3120	0.0210	0.1440
343	HB	0	1082	6	110	2	5000	65	1	65.5	0.9606	1.0000	1.0000	1060.0000	848.0000	0.2000	0.3670	0.0000	0.0000	9.3120	0.0210	0.1440
344	SB	0	1014	1	140	1	5000	65	1	80	0.9591	1.0000	0.8790	1504.5000	1197.0000	0.2044	0.6020	0.0000	0.0450	14.7080	0.0470	0.3720
345	SB	0	1014	2	140	2	5000	65	1	80	0.9541	1.0000	0.8817	1442.5000	1139.5000	0.2101	0.6750	0.0000	0.0440	14.7080	0.0470	0.3720
346	SB	0	1014	3	150	1	5000	65	1	81	0.9821	1.0000	0.9489	1455.0000	1133.5000	0.2210	0.2640	0.0000	0.0190	14.7080	0.0470	0.3720
347	SB	0	1014	4	165	2	5000	65	1	90	0.9958	1.0000	0.9868	1450.0000	1125.0000	0.2241	0.0620	0.0000	0.0049	14.7080	0.0470	0.3720
350	SB	0	1014	7	145	1	5000	65	1	80	0.9595	1.0000	0.8898	1503.5000	1172.0000	0.2205	0.5960	0.0000	0.0410	14.7080	0.0470	0.3720
351	SB	0	1014	8	120	2	5000	65	1	70	0.9775	1.0000	0.9102	1119.5000	963.0000	0.1398	0.3310	0.0000	0.0334	14.7080	0.0470	0.3720
352	HB	0	1019	1	125	1	5000	65	1	70	0.9928	1.0000	1.0000	1657.0000	1381.0000	0.1666	0.0870	0.0000	0.0000	12.0760	0.0290	0.2390
354	HB	0	1019	3	125	1	5000	65	1	70	0.9941	1.0000	0.6611	1592.0000	1322.5000	0.1693	0.0710	0.0000	0.0810	12.0760	0.0290	0.2390
355	HB	0	1019	4	115	2	5000	65	1	65	0.9794	1.0000	1.0000	1573.0000	1336.0000	0.1507	0.2490	0.0000	0.0000	12.0760	0.0290	0.2390
356	HB	0	1019	5	115	1	5000	65	1	65	0.9724	1.0000	1.0000	1552.0000	1287.0000	0.1707	0.3330	0.0000	0.0000	12.0760	0.0290	0.2390
357	HB	0	1019	6	120	2	5000	65	1	65.5	0.9777	1.0000	1.0000	1451.0000	1205.0000	0.1695	0.2690	0.0000	0.0000	12.0760	0.0290	0.2390
358	HB	0	1016	1	110	1	5000	65	1	60	0.8841	1.0000	-1.3125	1589.5000	1370.0000	0.1381	1.4530	0.0000	0.0740	12.5340	0.0320	0.0320
359	HB	0	1016	2	115	2	5000	65	1	60	0.9625	1.0000	0.0000	1618.0000	1391.5000	0.1400	0.4700	0.0000	0.0320	12.5340	0.0320	0.0320
360	HB	0	1016	3	120	1	5000	65	1	60	0.9793	1.0000	0.2188	1603.5000	1373.5000	0.1434	0.2600	0.0000	0.0250	12.5340	0.0320	0.0320
367	HB	0	1016	10	100	1	5000	65	1	62	0.8660	1.0000	-1.7813	1000.5000	838.0000	0.1624	1.6800	0.0000	0.0890	12.5340	0.0320	0.0320
368	HB	0	1016	11	100	2	5000	65	1	59	0.7853	1.0000	-2.4375	976.5000	849.0000	0.1306	2.6910	0.0000	0.1100	12.5340	0.0320	0.0320
